<?xml version="1.0"?>
<opencv_storage>
<D1 type_id="opencv-matrix">
  <rows>1</rows>
  <cols>5</cols>
  <dt>d</dt>
  <data>
    -5.6271329668498005e-01 4.7877318880708017e+00 0. 0.
    -1.6154201847803552e+01</data></D1>
</opencv_storage>
