<?xml version="1.0"?>
<opencv_storage>
<D2 type_id="opencv-matrix">
  <rows>1</rows>
  <cols>5</cols>
  <dt>d</dt>
  <data>
    -4.2130218971756472e-01 2.9997950408117084e+00 0. 0.
    -7.9468449603334532e+00</data></D2>
</opencv_storage>
