<?xml version="1.0"?>
<opencv_storage>
<M1 type_id="opencv-matrix">
  <rows>3</rows>
  <cols>3</cols>
  <dt>d</dt>
  <data>
    6.9999681984224651e+02 0. 3.2763676033708356e+02 0.
    6.9999681984224651e+02 2.5248265936802269e+02 0. 0. 1.</data></M1>
</opencv_storage>
