<?xml version="1.0"?>
<opencv_storage>
<M2 type_id="opencv-matrix">
  <rows>3</rows>
  <cols>3</cols>
  <dt>d</dt>
  <data>
    6.9999681984224651e+02 0. 2.8578227339969334e+02 0.
    6.9999681984224651e+02 2.5306530821357615e+02 0. 0. 1.</data></M2>
</opencv_storage>
