<?xml version="1.0"?>
<opencv_storage>
<P1 type_id="opencv-matrix">
  <rows>3</rows>
  <cols>4</cols>
  <dt>d</dt>
  <data>
    5.7137605340806874e+02 0. 2.1111880111694336e+02 0. 0.
    5.7137605340806874e+02 2.4227874517440796e+02 0. 0. 0. 1. 0.</data></P1>
</opencv_storage>
