<?xml version="1.0"?>
<opencv_storage>
<P2 type_id="opencv-matrix">
  <rows>3</rows>
  <cols>4</cols>
  <dt>d</dt>
  <data>
    5.7137605340806874e+02 0. 3.2319944000244141e+02
    1.0130168411433402e+04 0. 5.7137605340806874e+02
    2.4227874517440796e+02 0. 0. 0. 1. 0.</data></P2>
</opencv_storage>
