<?xml version="1.0"?>
<opencv_storage>
<Q type_id="opencv-matrix">
  <rows>4</rows>
  <cols>4</cols>
  <dt>d</dt>
  <data>
    1. 0. 0. -3.5635795593261719e+02 0. 1. 0. -2.6233864593505859e+02 0.
    0. 0. 6.4707080713174889e+02 0. 0. 4.7919829289260030e-02
    1.2422974082114258e+00</data></Q>
</opencv_storage>
