<?xml version="1.0"?>
<opencv_storage>
<Q type_id="opencv-matrix">
  <rows>4</rows>
  <cols>4</cols>
  <dt>d</dt>
  <data>
    1. 0. 0. -2.1111880111694336e+02 0. 1. 0. -2.4227874517440796e+02 0.
    0. 0. 5.7137605340806874e+02 0. 0. -5.6403411098593967e-02
    -6.3217303512518024e+00</data></Q>
</opencv_storage>
