<?xml version="1.0"?>
<opencv_storage>
<R1 type_id="opencv-matrix">
  <rows>3</rows>
  <cols>3</cols>
  <dt>d</dt>
  <data>
    9.9979086827196906e-01 -1.1171388710314605e-02
    1.7129500700992562e-02 1.1227838237729262e-02 9.9993183643491446e-01
    -3.2028319354459656e-03 -1.7092553012631954e-02
    3.3944893846325564e-03 9.9984814950737788e-01</data></R1>
</opencv_storage>
