<?xml version="1.0"?>
<opencv_storage>
<R2 type_id="opencv-matrix">
  <rows>3</rows>
  <cols>3</cols>
  <dt>d</dt>
  <data>
    9.9998179081368443e-01 1.5288151736902750e-03 5.8378733475078952e-03
    -1.5480651128007910e-03 9.9999337542213051e-01
    3.2943294098421410e-03 -5.8327982532723963e-03
    -3.3033068308463290e-03 9.9997753306187731e-01</data></R2>
</opencv_storage>
